1 0.070514 0.705797 0.135233 0.588406
1 0.112533 0.529167 0.059406 0.286594
1 0.190413 0.680797 0.121468 0.490580
1 0.376117 0.725000 0.120019 0.550000
1 0.502294 0.722283 0.114465 0.542391
1 0.590679 0.721739 0.103357 0.448551
1 0.670369 0.701449 0.067134 0.432609
1 0.735933 0.698913 0.126298 0.543478
1 0.915600 0.583514 0.121468 0.285870
1 0.161555 0.453623 0.046849 0.113043
1 0.222893 0.467029 0.066168 0.181159
1 0.255011 0.542029 0.058440 0.331159
1 0.458947 0.663406 0.084279 0.463768
1 0.863318 0.651993 0.125574 0.498913
1 0.639942 0.588768 0.090316 0.374638
