1 0.140000 0.824101 0.116923 0.241007
1 0.326923 0.822302 0.120000 0.241727
1 0.219231 0.738849 0.124615 0.273381
1 0.332308 0.650360 0.092308 0.179856
1 0.419615 0.673741 0.065385 0.228058
1 0.511923 0.702878 0.094615 0.256115
1 0.596923 0.753597 0.112308 0.308633
1 0.794231 0.764388 0.153077 0.320144
1 0.916923 0.680935 0.093846 0.287050
1 0.850000 0.525899 0.081538 0.119424
1 0.863462 0.659353 0.063846 0.225180
1 0.753462 0.616547 0.068462 0.110791
1 0.599231 0.570863 0.087692 0.110072
1 0.458462 0.537050 0.069231 0.081295
1 0.367308 0.563669 0.080769 0.166187
1 0.173846 0.584892 0.090769 0.169784
1 0.254231 0.572302 0.083846 0.147482
1 0.143077 0.517626 0.103077 0.151799
1 0.600000 0.488849 0.069231 0.102878
1 0.719231 0.557194 0.087692 0.187770
1 0.755385 0.485971 0.052308 0.131655
1 0.655000 0.476978 0.053077 0.133813
1 0.557692 0.478777 0.052308 0.117266
1 0.506154 0.480935 0.038462 0.094245
1 0.205385 0.453597 0.036923 0.076978
1 0.258846 0.480216 0.042308 0.098561
1 0.231923 0.483813 0.053077 0.071223
1 0.286538 0.467986 0.034615 0.102878
1 0.250769 0.421942 0.049231 0.062590
1 0.333077 0.480935 0.064615 0.135971
1 0.408077 0.503957 0.057692 0.121583
1 0.478077 0.518345 0.054615 0.104317
1 0.463846 0.449281 0.044615 0.064029
1 0.368462 0.450719 0.040000 0.081295
1 0.611538 0.420863 0.043077 0.058993
1 0.531154 0.475180 0.033077 0.105755
1 0.615385 0.442086 0.033846 0.042446
1 0.695000 0.462230 0.037692 0.091367
1 0.643846 0.391367 0.029231 0.040288
1 0.573462 0.392806 0.031538 0.056115
1 0.511923 0.403597 0.025385 0.061871
1 0.420000 0.391007 0.026154 0.043885
1 0.371154 0.376978 0.025385 0.041727
1 0.299615 0.387410 0.026923 0.033813
1 0.466538 0.415827 0.036154 0.044604
1 0.455000 0.380576 0.022308 0.033094
1 0.482692 0.363669 0.022308 0.039568
1 0.516923 0.343885 0.021538 0.023022
