1 0.723250 0.324312 0.033500 0.109139
1 0.904250 0.405058 0.046500 0.251109
1 0.950750 0.447205 0.059500 0.321207
1 0.985000 0.403727 0.030000 0.246673
1 0.657500 0.634428 0.150000 0.649512
1 0.575500 0.614020 0.113000 0.713398
1 0.450250 0.390417 0.053500 0.188110
1 0.392750 0.400621 0.039500 0.141083
1 0.377750 0.492014 0.109500 0.389530
1 0.207000 0.545697 0.107000 0.427684
1 0.251000 0.397072 0.027000 0.148181
1 0.344250 0.335847 0.016500 0.050577
1 0.337000 0.351819 0.017000 0.050577
1 0.321750 0.405058 0.029500 0.141083
1 0.157250 0.354037 0.022500 0.086957
1 0.132500 0.398846 0.037000 0.171251
1 0.100750 0.397072 0.032500 0.162378
1 0.812750 0.507098 0.143500 0.506655
1 0.841750 0.469388 0.047500 0.493345
1 0.878500 0.362023 0.042000 0.147294
1 0.947750 0.283052 0.023500 0.069210
