1 0.104639 0.645609 0.036082 0.237288
1 0.084536 0.641757 0.026804 0.226502
1 0.059794 0.597072 0.026804 0.112481
1 0.023711 0.584746 0.039175 0.106317
1 0.286082 0.669492 0.062887 0.281972
1 0.353093 0.644068 0.064948 0.283513
1 0.445361 0.665639 0.068041 0.274268
1 0.522165 0.687211 0.071134 0.329738
1 0.588660 0.673344 0.057732 0.311248
1 0.691237 0.664099 0.085567 0.332820
1 0.632990 0.652542 0.051546 0.275809
1 0.747938 0.649461 0.044330 0.291217
1 0.829381 0.680277 0.062887 0.343606
1 0.904639 0.652542 0.062887 0.318952
1 0.957216 0.642527 0.046392 0.265023
1 0.985567 0.652542 0.028866 0.238829
