1 0.145292 0.803898 0.084416 0.326431
1 0.337662 0.774056 0.068182 0.286236
1 0.417614 0.755177 0.051136 0.306943
1 0.598620 0.795371 0.083604 0.409257
1 0.747971 0.753959 0.065747 0.326431
1 0.825487 0.789281 0.053571 0.321559
1 0.898945 0.797199 0.083604 0.405603
1 0.468344 0.730207 0.047078 0.222899
1 0.245536 0.725944 0.036526 0.192448
1 0.277597 0.724726 0.050325 0.226553
1 0.063718 0.765530 0.068994 0.286236
1 0.526786 0.775274 0.079545 0.271620
1 0.523539 0.732034 0.061688 0.263094
1 0.375406 0.720463 0.033279 0.208283
1 0.661120 0.671742 0.036526 0.149817
1 0.778003 0.726553 0.044643 0.235079
