1 0.047308 0.711151 0.088462 0.422302
1 0.136923 0.646403 0.136923 0.413669
1 0.353846 0.602878 0.112308 0.358273
1 0.604231 0.665108 0.151538 0.392086
1 0.467692 0.520504 0.107692 0.285612
1 0.227308 0.537770 0.096154 0.281295
1 0.732692 0.532014 0.093077 0.312950
1 0.808462 0.583813 0.133846 0.351799
1 0.951923 0.461151 0.096154 0.246043
1 0.373462 0.352518 0.080769 0.136691
1 0.518077 0.375540 0.077692 0.146763
1 0.192692 0.386331 0.082308 0.174101
1 0.107692 0.365468 0.072308 0.156835
1 0.451923 0.294964 0.065385 0.164029
1 0.598846 0.400360 0.085385 0.171942
1 0.642308 0.464029 0.100000 0.174101
1 0.307308 0.450360 0.083846 0.200000
1 0.390385 0.273381 0.059231 0.083453
1 0.295769 0.307554 0.073077 0.091367
1 0.542308 0.243885 0.043077 0.074820
1 0.629231 0.307554 0.053846 0.081295
1 0.317308 0.249640 0.053077 0.061871
1 0.950769 0.327698 0.087692 0.130216
1 0.789615 0.318345 0.057692 0.104317
1 0.818846 0.336691 0.046923 0.074820
1 0.624231 0.228058 0.042308 0.054676
1 0.464615 0.164388 0.044615 0.062590
1 0.754615 0.345683 0.058462 0.084173
1 0.719231 0.307914 0.046154 0.083453
